2 0.020662912703119218 0.3092678151232131 0.04131813049316406 0.2539529191686752 
2 0.510514783859253 0.09915623766310672 0.02026057243347168 0.06619952587371176 
2 0.29725868701934816 0.12582446159200467 0.057993626594543456 0.13339647333672705 
2 0.24402289390563964 0.1227964036008145 0.024421882629394532 0.032128678991439494 
2 0.45845704078674315 0.12015590261905751 0.030174064636230468 0.08115922643783245 
2 0.4986693859100342 0.07791007833277926 0.010238981246948243 0.029611709270071476 
2 0.468079662322998 0.08099762936855884 0.024554920196533204 0.047479020788314494 
2 0.4751297473907471 0.08313954130132148 0.012076616287231445 0.03656671402302194 
2 0.47133469581604004 0.08192370800261801 0.01349172592163086 0.03790404948782414 
2 0.16747628450393676 0.12727429004425697 0.01346135139465332 0.026655156561668884 
