2 0.45555939674377444 0.153474450748872 0.09902796745300294 0.26190479298963903 
2 0.4095291614532471 0.09083328655059325 0.031114768981933594 0.12151903774649064 
2 0.5185921669006348 0.130941788780498 0.04347362518310547 0.13984990247430648 
2 0.2938146352767944 0.059323479147518385 0.021930360794067384 0.03995403758982286 
2 0.38719017505645753 0.025336199265750335 0.015024161338806153 0.03193101525944184 
2 0.33818604946136477 0.04567029004428476 0.022898125648498534 0.0463397184157754 
7 0.5476891994476318 0.08561983975497159 0.03272829055786133 0.11611979275463737 
2 0.33525400161743163 0.05031475536326036 0.014661812782287597 0.03493381439045789 
2 0.5865094184875488 0.06978252227293616 0.044422054290771486 0.052307781688669786 
0 0.4382782459259033 0.06377659761969419 0.009956932067871094 0.029158321931400402 
