2 0.5276390552520752 0.14767505811608356 0.09667482376098632 0.2700291509213655 
2 0.4537687301635742 0.1019302865733271 0.05984110832214355 0.12380094113557236 
2 0.4308172225952148 0.03723177702530571 0.0447385311126709 0.0614178698995839 
2 0.6257492065429687 0.06466401141622792 0.023663949966430665 0.05814850848654042 
2 0.5713047027587891 0.0855986553689708 0.019236040115356446 0.10635069142217221 
2 0.2296082854270935 0.17916447183360223 0.29346237182617185 0.667882255885912 
2 0.5856191635131835 0.060048310653023095 0.02891716957092285 0.09438846422278363 
0 0.5125590801239014 0.05948954043181046 0.011558055877685547 0.033194168754245926 
7 0.23106845021247863 0.18614885081415591 0.2993019580841064 0.6904168336287789 
7 0.5853371143341064 0.05731524591860564 0.02995905876159668 0.10011581752611243 
