2 0.5154745578765869 0.0981111072358631 0.05788116455078125 0.15822757325586484 
0 0.7842664241790771 0.02785571015515581 0.035609197616577146 0.22502815823595063 
2 0.3831132411956787 0.07328108245251226 0.07203001976013183 0.17617532852984943 
2 0.5695595741271973 0.06753522942380077 0.03312969207763672 0.08847233961944152 
2 0.5471072196960449 0.06508048776151086 0.013799715042114257 0.05952569015887605 
0 0.7696115970611572 0.04388615797881653 0.016158199310302733 0.1859407825630252 
0 0.6454296588897706 0.05333515242034314 0.007125663757324219 0.05153145242471989 
2 0.48250913619995117 0.06298494739692752 0.04064455032348633 0.14226525571165966 
2 0.45697785168886185 0.8745378766741071 0.886148738861084 0.22153761406906514 
2 0.6021769046783447 0.04677609569218312 0.02547879219055176 0.07502066988904937 
7 0.6017951011657715 0.043305212710084036 0.02760939598083496 0.08071873769038866 
