2 0.298244309425354 0.0 0.1055227279663086 0.1288586972364739 
2 0.6239797592163085 0.029015748892257463 0.05338983535766602 0.15475154136543842 
0 0.9402191162109375 0.0 0.024445724487304688 0.22346118528451492 
0 0.9188154220581055 0.0 0.020703792572021484 0.2170813717059235 
2 0.5522788047790528 0.0 0.03951539993286133 0.11411816041861007 
2 0.6549973487854004 0.0 0.026335716247558594 0.08916143161147388 
2 0.6009505748748779 0.0 0.027103090286254884 0.10409190619169777 
0 0.4152374744415283 0.0 0.007439517974853515 0.05725398277168843 
2 0.6882153034210206 0.0 0.020790719985961915 0.07668539018773321 
0 0.7655094623565674 0.0 0.008757829666137695 0.09848441508278918 
2 0.7177278518676757 0.0 0.014514827728271484 0.03394593196128731 
