2 0.3427950620651245 0.22819501175534251 0.0644066572189331 0.14876940546326112 
7 0.6404330730438232 0.2492010397989242 0.18030800819396972 0.358825898002964 
2 0.5383417129516601 0.2098516602706016 0.05063023567199707 0.09288786055053425 
2 0.41291656494140627 0.20586186214688232 0.032338190078735354 0.07240005957717359 
2 0.37296931743621825 0.20105959604160567 0.016103792190551757 0.053253674116290985 
2 0.39109714031219484 0.19451396861735218 0.023175597190856934 0.058279783440976285 
2 0.23568501472473144 0.19731822672716628 0.05821607112884521 0.09666539355240047 
2 0.17256765365600585 0.1623347905536446 0.011226987838745118 0.02881373957113583 
2 0.1903548240661621 0.16435159509020053 0.02296895980834961 0.030730486474495024 
2 0.2831240653991699 0.16463340026712528 0.009977984428405761 0.028696100382391686 
7 0.29782958030700685 0.16083506957150176 0.02866508960723877 0.056486536244877046 
2 0.1917038917541504 0.16560238697489754 0.012283897399902344 0.02635746761563232 
2 0.22996823787689208 0.13979702308529712 0.022736120223999023 0.03378224428699502 
2 0.27908236980438234 0.16592971837492682 0.010171961784362794 0.02374474840365193 
