2 0.5160952091217041 0.0 0.02912287712097168 0.09254843971946022 
2 0.4620548725128174 0.0028343431877367424 0.04485950469970703 0.12783517548532197 
2 0.2478797197341919 0.0 0.08965656757354737 0.12476390491832387 
2 0.4900989055633545 0.0 0.016127538681030274 0.05826684200402462 
2 0.2978575944900513 0.0 0.030455350875854492 0.08119553074692235 
2 0.1956047534942627 0.0 0.06411468982696533 0.1475763494318182 
2 0.3915341138839722 0.0 0.01149604320526123 0.03142672452059659 
2 0.40573863983154296 0.0 0.019299077987670898 0.03980629660866477 
2 0.355226993560791 0.0 0.01599867343902588 0.042530036695075754 
2 0.37569024562835696 0.0 0.017733550071716307 0.05176058682528409 
10 0.5737269401550293 0.031140691583806817 0.007894182205200195 0.05545006954308712 
2 0.36473400592803956 0.0 0.016737651824951173 0.027524543531013256 
7 0.33322792053222655 0.0 0.031435608863830566 0.09363283099550189 
