0 0.8742701530456543 0.0 0.0307708740234375 0.295512993619373 
2 0.5165135383605957 0.0 0.032752180099487306 0.09075024963575161 
2 0.46857218742370604 0.0 0.018926334381103516 0.059967041015625 
2 0.4866921901702881 0.0 0.0177093505859375 0.060821827584907555 
2 0.4343103408813477 0.0 0.011503887176513673 0.027280065407706992 
2 0.23324472904205323 0.0 0.06075952053070068 0.11938034989826166 
2 0.3815565586090088 0.0 0.07949023246765137 0.26606421761957394 
7 0.3821513891220093 0.0 0.08279368877410889 0.27567175960234125 
7 0.2954834222793579 0.0 0.0725513219833374 0.174394024913334 
2 0.29425160884857177 0.0 0.06616325378417968 0.15769080257109125 
