2 0.5123549938201905 0.0 0.018015289306640626 0.0689445084440494 
2 0.46086807250976564 0.0 0.03337864875793457 0.09773089928541355 
2 0.49390692710876466 0.0 0.017002105712890625 0.05660818865199289 
2 0.36234145164489745 0.0 0.03622057437896729 0.05244491485778443 
7 0.547177505493164 0.0 0.05864806175231933 0.21812786170822418 
7 0.9183961868286132 0.11664933073306512 0.1620725631713867 0.6104010850369573 
2 0.3826241970062256 0.0 0.0153609037399292 0.03607625447347493 
0 0.3194465637207031 0.0 0.007372570037841797 0.0627699983334113 
2 0.15002020001411437 0.0 0.16901845932006837 0.24116324236293038 
7 0.15090179443359375 0.0 0.16813833713531495 0.23198951218656438 
2 0.4776970386505127 0.0 0.010054731369018554 0.056894542214399324 
7 0.41654000282287595 0.0 0.049701595306396486 0.1632318553810348 
2 0.4160859823226929 0.0 0.04985506534576416 0.16310357190891653 
2 0.9150116920471192 0.10944096913594685 0.16858205795288086 0.6242736085446295 
