2 0.47670445442199705 0.07274020276450585 0.030658245086669922 0.07973318388967802 
2 0.5375427722930908 0.08215508579222625 0.03619709014892578 0.09554641765668044 
2 0.4456820011138916 0.06681054485730889 0.013414859771728516 0.07234826626528065 
2 0.2730314493179321 0.04286273714596246 0.08157665729522705 0.16068370808582988 
2 0.499257230758667 0.057845943230242766 0.019681978225708007 0.05518250688705234 
7 0.8185441493988037 0.12637245031099345 0.20735697746276854 0.3696215921197056 
7 0.636646318435669 0.08715257040396866 0.13870859146118164 0.40383549629820936 
2 0.4174824237823486 0.06355382325563877 0.058619117736816405 0.15441776832601584 
7 0.41731510162353513 0.0716593088197314 0.05704951286315918 0.16272746104511018 
2 0.8214720726013184 0.12632318501958506 0.1955394744873047 0.36030935912749656 
