2 0.4779029846191406 0.0 0.03761954307556152 0.11738520897239264 
2 0.5527707099914551 0.0 0.0439028263092041 0.12297816364311732 
2 0.5051644325256348 0.0 0.021357917785644533 0.07541015250551189 
7 0.8567874431610107 0.0033219226298888036 0.2840446949005127 1.674939489072086 
2 0.4491705417633057 0.0 0.01654925346374512 0.06537670299319402 
2 0.3029850721359253 0.0 0.04378683567047119 0.07850703139977952 
2 0.3685199975967407 0.0 0.038868951797485354 0.08067593252731979 
7 0.6786377906799317 0.0 0.09585008621215821 0.2401100579946319 
2 0.678883171081543 0.0 0.09456977844238282 0.24274636485093942 
7 0.4188419818878174 0.0 0.048734617233276364 0.16726141619536042 
2 0.41742918491363523 0.0 0.0483283281326294 0.16783788014043327 
