2 0.8867864608764648 0.10495538067963957 0.2229145050048828 0.4794114001689513 
2 0.5568397998809814 0.0 0.03437204360961914 0.1026748938063171 
2 0.4702417850494385 0.0 0.03959479331970215 0.12304706222440567 
2 0.5358452796936035 0.0 0.019165182113647462 0.07361878939201495 
2 0.3872687339782715 0.0 0.06454505920410156 0.20927241974813074 
2 0.4375948905944824 0.0 0.029842567443847657 0.09292593177842216 
2 0.2311367869377136 0.0 0.11380561590194702 0.16715900444545628 
2 0.5992069244384766 0.0 0.05050020217895508 0.14151309896831862 
2 0.5057582855224609 0.0 0.023556613922119142 0.08089929124328987 
2 0.34673104286193845 0.0 0.024596214294433594 0.0541199292141967 
