2 0.47109208106994627 0.07426850134585083 0.04071855545043945 0.10623545072325806 
2 0.5753809928894043 0.06813036493894432 0.022966623306274414 0.07579831248905812 
2 0.44007186889648436 0.05498729032628676 0.025191545486450195 0.07382791983981092 
2 0.5474484920501709 0.07364344663646709 0.04432802200317383 0.1159322615765056 
7 0.7141394138336181 0.053364045813637954 0.23879799842834473 0.7668487805278361 
2 0.5186180591583252 0.0680334267496061 0.022217416763305665 0.06893903801755077 
2 0.25076820850372317 0.0675613018644958 0.06416904926300049 0.09387848156840861 
2 0.04921875 0.48473847546831234 0.0997244656085968 0.9638661616990546 
2 0.36966280937194823 0.04755057540594363 0.028181028366088868 0.043841193704044115 
2 0.4894285202026367 0.03914396569174545 0.013278579711914063 0.05571543803068102 
2 0.3959975719451904 0.03889811539850315 0.02044820785522461 0.03358361166732318 
2 0.5211995124816895 0.04319288750656513 0.0269442081451416 0.0768247973017332 
2 0.4230104923248291 0.04141662768623074 0.011806678771972657 0.028230042016806723 
2 0.3865563154220581 0.03464018664106268 0.02032895088195801 0.033605922837885153 
