2 0.8652496337890625 0.2120730955788804 0.20933456420898439 0.3241877665046517 
2 0.5750903606414794 0.12889103003737276 0.07164521217346191 0.159226667486681 
2 0.4777437686920166 0.09371389141519561 0.0390742301940918 0.1016629828144879 
2 0.44786739349365234 0.03534945034192112 0.01943063735961914 0.05186939967497615 
2 0.5404653072357177 0.0754965279848521 0.04419898986816406 0.1267406667461832 
2 0.21618483066558838 0.08287525904997614 0.09329304695129395 0.16314899163088423 
2 0.4112235546112061 0.034504742416110054 0.01769232749938965 0.042885816734255726 
2 0.5179751873016357 0.020905705808683207 0.013907480239868163 0.04452933973938454 
2 0.48021783828735354 0.026773079054349554 0.01636080741882324 0.03232642409152354 
2 0.4347262382507324 0.02263635533456584 0.010561800003051758 0.02888213101840808 
0 0.6210219860076904 0.038004557291666664 0.00844731330871582 0.08326437758428754 
7 0.34477033615112307 0.15294540444099872 0.14417686462402343 0.36033067387782286 
2 0.4081308364868164 0.04464612965668734 0.01720595359802246 0.05513151911378817 
2 0.4672557353973389 0.01771215385456425 0.013514280319213867 0.029130076634064885 
2 0.2745579957962036 0.08323750969107824 0.03127222061157227 0.12209756865756202 
2 0.3479367733001709 0.15846186436466286 0.13952784538269042 0.3518035345101781 
0 0.28227624893188474 0.03721762310154262 0.009308576583862305 0.07007915312400605 
