2 0.7027178287506104 0.0 0.10689520835876465 0.2450149123733108 
2 0.44247612953186033 0.0 0.018213605880737303 0.06728383657094594 
2 0.14427173137664795 0.0 0.11143152713775635 0.17291960845122467 
2 0.2913372278213501 0.0 0.03354136943817139 0.0935615333350929 
2 0.4821514129638672 0.0 0.05883879661560058 0.21501963847392314 
0 0.6384624481201172 0.0 0.00823659896850586 0.10103854617557011 
7 0.5682268619537354 0.0 0.07108759880065918 0.24057419235641891 
2 0.5179124355316163 0.0 0.017911100387573244 0.0728302001953125 
7 0.3584479331970215 0.0 0.11215667724609375 0.3901981663059544 
2 0.4557894229888916 0.0 0.013403081893920898 0.06852938677813555 
0 0.604045820236206 0.0 0.008678627014160157 0.13584518432617188 
