2 0.10051767472177744 0.39417180241765204 0.1970954418182373 0.9250463537267737 
2 0.4299994945526123 0.07847009607263514 0.023515605926513673 0.069219970703125 
2 0.4502577781677246 0.09376608358847129 0.016695165634155275 0.0948349411423142 
2 0.30492205619812013 0.09195177232896959 0.01746814250946045 0.0446533203125 
7 0.6434217929840088 0.10870798471811656 0.13976712226867677 0.30641916635874156 
2 0.4799600124359131 0.10438331397804054 0.05296525955200195 0.15780821104307433 
2 0.20749520063400267 0.08561764278927365 0.08181847333908081 0.12280124973606418 
7 0.3745910882949829 0.10502080144108952 0.0835338830947876 0.23928956727723819 
2 0.33066842555999754 0.0820347141575169 0.014727139472961425 0.055311955632390206 
2 0.29031550884246826 0.08174306508657095 0.01200120449066162 0.0367999927417652 
