2 0.3575571060180664 0.03163601585545723 0.06484098434448242 0.20173154397700035 
2 0.522824478149414 0.005212204294570428 0.028992557525634767 0.09725213965131821 
2 0.4464056968688965 0.01013264613868916 0.02183537483215332 0.06488595247971976 
2 0.40520286560058594 0.011465517117210547 0.03007020950317383 0.09588533024520648 
7 0.5671704292297364 0.033698788083056784 0.08100414276123047 0.2205579189424318 
2 0.49974808692932127 0.007008240286227876 0.015517425537109376 0.043781831904498525 
2 0.3251986503601074 0.0 0.020551633834838868 0.06783796552359882 
2 0.48146877288818357 0.005281161418003319 0.0175839900970459 0.07364008630623156 
2 0.2869567394256592 0.0 0.06483321189880371 0.11251795045745759 
2 0.46605896949768066 0.0 0.01518840789794922 0.04140560183904867 
7 0.04258012846112251 0.0 0.06691712141036987 0.13245574140970687 
11 0.16929376125335693 0.0 0.015305614471435547 0.06387356108268805 
2 0.25600745677948 0.0 0.01901743412017822 0.05263688079023783 
2 0.27778327465057373 0.0 0.044725346565246585 0.07960046638781341 
0 0.5600290298461914 0.0 0.016298246383666993 0.04491008207158002 
