2 0.5182398796081543 0.0 0.024048233032226564 0.0748619999445922 
2 0.6326846599578857 0.0 0.02584552764892578 0.12608294114998891 
2 0.4211948156356812 0.0 0.048195624351501466 0.17768340415142952 
2 0.8447151184082031 0.0 0.07301311492919922 0.16504880215259307 
2 0.46858534812927244 0.0 0.02770400047302246 0.09061707841589096 
2 0.49752020835876465 0.0 0.018403291702270508 0.07345635163868573 
2 0.3484994411468506 0.0 0.03575131893157959 0.10401884038397606 
2 0.5474172115325928 0.0 0.01586494445800781 0.06446979062777039 
2 0.37336809635162355 0.0 0.015082883834838866 0.049978702626329786 
2 0.6504047393798829 0.0 0.014208269119262696 0.05143391494209885 
2 0.9253300666809082 0.017895421237810284 0.14769792556762695 1.0218430106521499 
2 0.21190611124038697 0.0 0.07571059465408325 0.18681367914727393 
2 0.5915086746215821 0.0 0.0669632911682129 0.23340244157939938 
2 0.7131128787994385 0.0 0.04474430084228516 0.13814409404781694 
2 0.6788366794586181 0.0 0.0076964378356933595 0.030781306273548317 
7 0.5909373760223389 0.0 0.06777887344360352 0.25399910135472076 
