2 0.48483829498291015 0.3264774688302654 0.03560199737548828 0.07119255289872799 
2 0.537948751449585 0.31253863967328155 0.02106609344482422 0.0365208814288772 
7 0.737959337234497 0.3657011565863503 0.22189631462097167 0.4362499737226333 
0 0.9729568481445312 0.33270878801140535 0.020830535888671876 0.06974234086426737 
2 0.6383845329284668 0.3099094099727862 0.02217240333557129 0.05158163470064824 
2 0.5940231323242188 0.34273736584209885 0.05989780426025391 0.12268842782992906 
2 0.34970803260803224 0.31141546141144816 0.03543486595153809 0.0630161710914567 
2 0.37948858737945557 0.3020675270991316 0.010199761390686036 0.02551932437545866 
0 0.9115870475769043 0.33127392434793906 0.015987968444824217 0.04243770830785225 
2 0.6174517631530761 0.2892038602884968 0.012752103805541991 0.026708315496575343 
2 0.01729856978636235 0.3439963503126529 0.03481224775314331 0.10900556411295255 
2 0.3842144250869751 0.3036782102342221 0.01737518310546875 0.024129968333384294 
2 0.5713950157165527 0.2961249603450648 0.014293479919433593 0.03415108100308831 
