2 0.4443331241607666 0.023511460248161763 0.058031225204467775 0.15187656178193934 
2 0.31647205352783203 0.0 0.045217704772949216 0.09444589053883272 
7 0.7084396362304688 0.01770172119140625 0.161521577835083 0.47924086626838236 
0 0.8755315780639649 0.0 0.011848163604736329 0.09120303883272059 
2 0.39223792552948 0.0 0.04430291652679443 0.08681820140165442 
2 0.5278083801269531 0.0 0.026482868194580077 0.07434818043428308 
2 0.6040414333343506 0.0 0.047163963317871094 0.15910438088809742 
11 0.4959369659423828 0.0 0.008629465103149414 0.03390718347886029 
0 0.3621053695678711 0.0 0.008161354064941406 0.0770228666417739 
7 0.6037278652191163 0.0 0.04733762741088867 0.1492680269129136 
